0.629065 0.217915
149.873 883.622
0.000280351 0.00548542
-0.0650934 2.55967
3.23063e-06 0.000798759
2.57866e-06 0.210188
4.55582 2.65055
1.7657 1.20316
0.202053 0.303954
0.376584 0.207385
0.0296437 0.170325
-0.0065413 0.0996248
-0.116113 0.0629278
-0.0728667 0.0872877
-0.116145 0.0494712
0.0393582 0.0627236
-0.273638 0.0472666
0.000780165 0.0325168
-0.289233 0.0447156
0.00739711 0.0278883
-0.282508 0.0337936
0.0267275 0.0200538
-0.189282 0.0244622
-0.0429326 0.0233742
-0.195664 0.0220307
-0.0102379 0.0187909
-0.192715 0.017972
-0.0260876 0.0171234
-0.187481 0.0160743
-0.0271817 0.0120952
-0.207274 0.0169875
-0.0263831 0.0129361
-0.163373 0.0153501
-0.000755579 0.0119489
-0.156011 0.0133716
0.0033156 0.0125672
-0.132706 0.0129146
0.0107813 0.0133927
-0.132878 0.0124747
0.0154475 0.0134178
-0.119986 0.0128217
0.00804526 0.013315
-0.100382 0.0127272
0.0182363 0.0130808
-0.0891829 0.0123781
0.0225703 0.0125087
-6.29483 12.6263
-5.78425 13.0367
-5.15688 11.683
-4.86191 10.934
-4.63489 9.90261
-4.42497 8.938
-4.48215 8.55054
-4.32575 7.59739
-4.23701 7.04492
-4.05953 6.11463
-3.94552 5.44276
-3.91594 5.01411
-3.90794 4.65979
-3.93957 4.39549
-3.98213 4.22274
-3.8458 3.77457
-4.0879 3.97378
-4.18161 4.12508
-4.4539 4.54347
-4.00519 3.27813
-4.63487 3.98789
-0.000868065 0.0642428
2.4798e-05 0.0284468
0.000331758 0.0114465
1.45506e-05 0.00615279
0.000145332 0.00536604
5.53124e-05 0.00376537
7.9476e-05 0.00299432
9.53514e-05 0.00349595
-7.74603e-06 0.00229978
-5.84122e-05 0.00221872
5.8813e-05 0.0020459
1.91891e-05 0.00187306
1.41497e-05 0.00197161
1.23597e-06 0.00170454
7.15186e-06 0.00158982
-3.11413e-05 0.00141832
3.00344e-05 0.00139774
-1.73381e-05 0.00137308
2.47327e-05 0.00130442
-3.74844e-05 0.00122103
1.37781e-05 0.00116499
-1.11522e-05 0.00111807
-3.23393e-06 0.00106646
-2.04972e-05 0.00100076
-4.25201e-06 0.00103514
3.26467e-06 0.000970443
-7.94835e-06 0.000952609
-6.70214e-06 0.000901817
-2.50994e-06 0.000904216
-1.91544e-05 0.000865423
-1.08055e-05 0.000881389
-2.81774e-06 0.000855869
-5.14444e-07 0.000845936
-2.16277e-05 0.000853222
-2.23764e-06 0.000839857
-1.29076e-05 0.000846704
-4.20441e-06 0.000837855
-1.17831e-05 0.000843315
1.48858e-05 0.000841356
-1.19586e-05 0.000839224
-0.0014769 0.386456
-0.000975223 0.364659
-0.000848417 0.327969
-0.000845957 0.315461
-0.000899899 0.312311
-0.000881748 0.282455
-0.00094808 0.272327
-0.000961888 0.254015
-0.0009785 0.251606
-0.00102944 0.234512
-0.00105909 0.223306
-0.0010709 0.217621
-0.001058 0.209392
-0.00110327 0.202687
-0.00114666 0.195176
-0.00121558 0.185628
-0.00125579 0.197383
-0.00124169 0.19627
-0.00133897 0.214309
-0.00139459 0.196099
-0.00157214 0.22899
-6.29199e-05 0.00848556
1.35379e-05 0.00352347
-1.18369e-05 0.00183125
-5.85897e-06 0.000963961
-5.3874e-06 0.000821246
-8.49399e-06 0.000613952
-5.26528e-06 0.000515396
-8.7576e-06 0.000551829
-5.41689e-06 0.000411641
-1.36835e-05 0.000374744
1.8429e-06 0.000362634
-8.59416e-07 0.000337804
7.91824e-06 0.000337442
7.93498e-06 0.000312017
1.03249e-05 0.000287179
-7.80266e-06 0.000267126
2.41304e-06 0.000257759
-2.91969e-08 0.000250752
8.20592e-06 0.000241941
1.29547e-07 0.000230268
9.22579e-06 0.000221554
3.66117e-06 0.000213816
8.4528e-06 0.00020624
4.09141e-06 0.000197195
6.98637e-06 0.000196999
5.05797e-06 0.000188869
6.77604e-06 0.000184314
3.26063e-06 0.000177488
1.03583e-05 0.000175405
6.14687e-06 0.000169814
8.01876e-06 0.000170768
6.2816e-06 0.000166297
1.09184e-05 0.000163929
4.2146e-06 0.000163679
9.86654e-06 0.000161148
5.90699e-06 0.000161219
9.22975e-06 0.000160029
5.85546e-06 0.000160469
1.02139e-05 0.000159738
4.56117e-06 0.00015937
-1.57934e-05 0.0612777
-4.72904e-05 0.0546468
-5.89644e-05 0.0478787
-5.61626e-05 0.0459749
-4.84661e-05 0.0469148
-4.63357e-05 0.0424154
-4.40369e-05 0.0416099
-4.63929e-05 0.0397241
-4.88877e-05 0.0402674
-3.44481e-05 0.0381491
-3.26603e-05 0.0373152
-3.22349e-05 0.0371615
-2.8037e-05 0.0362063
-2.38967e-05 0.0355794
-2.45215e-05 0.0345766
-2.95176e-05 0.0335892
-2.12144e-05 0.0356639
-1.68103e-05 0.0355602
-2.22212e-05 0.038279
-1.87224e-05 0.0366521
-1.81715e-05 0.0429804
