0.639673 0.240538
151.049 762.685
6.20082e-05 0.00482737
-0.0492738 1.26286
2.0194e-05 0.000641258
3.10911e-07 0.100911
4.26498 10.9736
1.66752 1.49623
0.326201 0.274615
0.329018 0.217236
0.11132 0.162559
0.00938027 0.0865656
-0.0482106 0.0508189
-0.0546526 0.0738333
-0.0893788 0.041212
0.0866401 0.0611094
-0.24551 0.0426528
0.0247879 0.0250575
-0.258057 0.0443629
0.0180114 0.0240492
-0.265186 0.0378376
0.0371102 0.0151523
-0.170608 0.0230283
-0.0233729 0.0197227
-0.169396 0.0225113
-0.010569 0.0130711
-0.159885 0.0147664
-0.0382246 0.0141674
-0.142292 0.0123904
-0.0450769 0.00977574
-0.164608 0.0135002
-0.0240488 0.00975864
-0.149284 0.0113508
-0.00876557 0.00855581
-0.129762 0.0108112
0.00269238 0.0100891
-0.110884 0.0114368
0.0157462 0.0114754
-0.0977906 0.0104925
0.0159359 0.0112271
-0.0783682 0.0107882
0.00464475 0.0116461
-0.0587893 0.0106336
0.0138078 0.0113485
-0.0449153 0.0108575
0.00754418 0.0106551
-6.11505 13.7765
-5.72397 13.8269
-4.88804 11.3708
-4.61167 10.3909
-4.28214 8.77163
-4.09496 7.99242
-4.13627 7.65547
-3.89842 6.2192
-3.79273 5.59605
-3.59981 4.7418
-3.49993 4.3118
-3.57492 4.42948
-3.59851 4.341
-3.63922 4.19989
-3.69996 4.13999
-3.53808 3.75599
-3.84342 4.3521
-4.00389 4.91229
-4.05148 4.81638
-3.49263 3.21857
-4.37217 4.69792
0.000164254 0.0874854
-3.00001e-05 0.0234989
5.9852e-05 0.00723921
-0.000113924 0.00454934
4.37444e-05 0.00360481
1.29281e-05 0.00252092
-8.11626e-06 0.00185089
-4.00893e-06 0.00251342
-2.12311e-06 0.00160517
2.8297e-05 0.00162609
3.95699e-05 0.00143504
5.61169e-07 0.00126892
-1.27197e-05 0.00143612
3.14901e-06 0.00128803
-2.0661e-05 0.00129482
4.0711e-06 0.0010952
-1.13718e-05 0.00110909
-1.41746e-06 0.00106536
-1.76442e-05 0.00100686
2.71495e-06 0.000902238
-1.81636e-05 0.000936389
5.22665e-07 0.000856583
-1.63789e-05 0.000885268
-2.30688e-06 0.000817133
-1.09126e-05 0.00084779
-1.00708e-05 0.000738918
-4.26396e-06 0.000769269
-1.02768e-05 0.000716218
-5.97229e-06 0.000761214
-4.39171e-06 0.000744382
-1.10213e-05 0.00073994
-1.19247e-07 0.000749442
-1.2812e-05 0.000681326
6.52031e-06 0.00070115
-1.32476e-05 0.000718292
6.0649e-06 0.000724054
-1.27463e-05 0.000647475
6.37717e-06 0.000699973
-1.14439e-05 0.000679609
4.6017e-06 0.000725665
-0.000488926 0.327061
-0.000348704 0.305873
-0.000237832 0.250234
-0.000240785 0.238363
-0.000256567 0.21948
-0.000277915 0.20027
-0.000304994 0.192464
-0.000301836 0.176529
-0.000311376 0.170655
-0.000319342 0.156193
-0.000325716 0.15117
-0.000336375 0.154092
-0.000354835 0.153583
-0.000359776 0.15406
-0.000389334 0.142956
-0.000373414 0.141477
-0.000396918 0.158515
-0.000422268 0.160835
-0.000446888 0.158685
-0.000446713 0.155193
-0.000500876 0.195543
-0.00164885 0.00965883
-0.00022573 0.00231043
1.31922e-05 0.000998255
-0.000150575 0.000635697
-3.76635e-06 0.000486557
-1.34559e-05 0.00037251
-2.52761e-05 0.000302935
-2.53084e-05 0.000375654
-4.47923e-05 0.000280105
3.19702e-06 0.000271593
4.28907e-05 0.000248536
-3.98319e-06 0.000227688
1.08267e-05 0.000240129
2.75561e-05 0.000235484
1.20436e-05 0.000228966
-9.13328e-07 0.000210775
-3.98391e-06 0.00021188
-1.84962e-05 0.000202591
-4.41035e-06 0.00018931
1.71559e-05 0.000174728
5.54073e-06 0.000189414
8.15692e-06 0.000167909
-1.35317e-05 0.000181031
5.74378e-06 0.000163756
-7.61601e-06 0.000168377
4.61497e-07 0.000147594
1.99737e-05 0.000154669
-8.31501e-06 0.000146756
-7.0521e-06 0.000155873
3.57921e-06 0.00015473
3.79333e-06 0.000149199
5.61557e-06 0.000150253
-6.32342e-06 0.000136115
1.4027e-05 0.00013695
-1.04872e-05 0.000141844
6.13795e-06 0.000143082
-1.34709e-06 0.000124075
5.48555e-06 0.00013549
9.16801e-07 0.000130333
-9.32196e-07 0.000142246
2.73496e-05 0.0509531
1.87018e-05 0.0444864
7.2061e-06 0.0352821
2.834e-06 0.0340549
5.48807e-06 0.0328293
9.08748e-06 0.0302717
9.33736e-06 0.0294105
1.14585e-05 0.0286262
9.14367e-06 0.0284038
1.03027e-05 0.026723
1.14532e-05 0.0264666
1.25555e-05 0.0270883
1.34149e-05 0.0271556
1.38529e-05 0.0275263
1.49791e-05 0.0255538
1.5401e-05 0.0258921
1.62325e-05 0.0284113
1.89241e-05 0.0289077
1.77118e-05 0.0278294
2.05066e-05 0.0293976
2.45677e-05 0.0365326
